index,year,CO2 (ppmv),Temperature2007,CH4 mean
0,137,280.4,,907
1,268,274.9,,784
2,279,277.9,,762
3,395,279.1,,710
4,404,281.9,,727
5,485,277.7,,696
6,559,281.1,,683
7,672,282.2,,679
8,754,280.1,,676
9,877,278.4,,651
10,950,276.6,,684
11,1060,279.1,,681
12,1153,277.7,0.8762443068811671,670
13,1233,278.7,1.8361513065074746,644
14,1350,277.4,3.0444721177635072,670
15,1453,279.2,0.3455503020120322,668
16,1552,280.0,-0.4162796161205454,680
17,1638,278.9,0.047049876789883815,667
18,1733,278.7,0.04679146424602143,669
19,1812,278.0,-0.5163918061190517,680
20,1931,276.9,0.7912631287080429,643
21,2057,276.7,-0.550066848249905,664
22,2128,276.7,-1.113263333921008,647
23,2212,277.6,0.3764981570553517,648
24,2334,277.9,-0.4019404172978015,640
25,2433,273.9,1.054765845082089,636
26,2536,278.9,0.27641620982249804,635
27,2604,275.3,-0.7171642591656119,633
28,2728,274.7,-1.230612618223391,644
29,2806,276.3,0.5075777273292734,643
30,2902,274.6,-2.4396382044330753,629
31,3053,276.3,0.4243621059809242,635
32,3116,273.1,0.838048578027002,635
33,3215,274.0,0.7053779614984323,650
34,3336,275.0,-0.023313597458927804,631
35,3453,273.4,-0.1393667482562445,638
36,3523,273.0,-1.4143301442918648,632
37,3622,271.5,-0.33832547295365323,630
38,3721,275.4,0.15821268550359702,610
39,3790,274.9,-1.2160963917740304,623
40,3910,271.7,-0.4050061458205946,623
41,4004,271.6,-0.5872844798031672,615
42,4096,272.8,0.0251295111973594,623
43,4161,271.5,-0.6703893740271615,618
44,4324,271.1,-0.9023028281257203,613
45,4374,269.1,-1.531564542439471,613
46,4480,269.8,-0.47209614756292073,605
47,4573,271.5,-0.12452547529213465,599
48,4703,270.7,0.20649346301550464,604
49,4766,269.3,-1.7306700865274243,591
50,4874,268.6,0.15661636616201224,594
51,5004,269.8,0.13995455514848498,609
52,5094,267.6,-0.5555734416042332,602
53,5160,265.3,-0.8041150525879722,597
54,5274,265.2,0.42082752620175135,595
55,5370,267.6,-2.360794084402405,594
56,5476,265.9,-0.854408107926289,597
57,5562,265.5,-0.3579405703071691,593
58,5657,260.7,1.2643375024578543,604
59,5716,266.7,0.7012267793515279,592
60,5855,265.5,-0.7726237162324879,579
61,5998,263.2,1.3958226840467347,603
62,6039,262.7,-0.8727341341877847,590
63,6131,261.2,-0.8069028510647839,592
64,6263,261.1,1.4608803694496961,586
65,6354,259.4,0.9803698768214038,590
66,6434,262.1,0.26806931081661933,580
67,6545,262.9,-0.9574704178254042,588
68,6617,258.1,-0.6100072034631673,583
69,6713,257.6,-0.6267033406817283,580
70,6838,262.3,-0.49439615285497396,578
71,6941,263.0,-0.9581007795334467,577
72,7028,260.7,-1.4383652020620943,577
73,7112,258.4,-0.9087236056282387,581
74,7234,260.1,-0.09763435422411937,573
75,7320,260.4,-0.16422668576372124,576
76,7413,259.7,0.3153665799483836,589
77,7507,259.2,0.03339275629552918,568
78,7590,260.8,0.5626525038822101,581
79,7691,259.6,0.9429419382665267,589
80,7781,259.3,1.1742403399000334,573
81,7876,258.3,1.5048737138252946,570
82,7990,261.3,-1.028648817305331,560
83,8050,260.7,0.5934910197859298,575
84,8181,261.8,-1.4100198829463153,596
85,8281,259.0,0.9240761198413594,578
86,8387,260.9,-1.0297649758912288,578
87,8477,260.4,-0.6658109427525288,581
88,8579,259.3,-0.5501915289806475,576
89,8653,262.0,-0.7491300934315991,574
90,8784,263.7,0.37629221639460086,578
91,8869,263.8,-0.4022251297543723,575
92,8973,265.2,-0.435739337595492,549
93,9092,260.6,-0.9493662331176597,568
94,9140,260.9,0.14291011687092214,576
95,9232,263.0,0.9868548358991048,563
96,9317,263.8,0.3573700065859967,570
97,9536,264.4,-0.7522517273338182,582
98,9597,264.2,-0.8023228835758228,577
99,9721,264.0,0.7203810107573542,568
100,9807,263.4,-0.5382525974100202,579
101,9909,265.7,1.5473272551838342,584
102,9983,264.9,-0.903343425192194,570
103,10088,267.5,-0.3409022236479907,570
104,10209,266.9,0.9332860047243996,568
105,10294,266.0,1.0320158781555562,582
106,10417,265.1,0.8824250929662298,562
107,10527,267.6,-0.541941783170585,580
108,10621,264.8,0.5832268674094638,560
109,10744,264.8,0.3673942813932335,580
110,10805,265.0,0.26744749876518636,560
111,10827,265.3,-0.16357701269731095,563
112,10895,264.4,-0.2965951903551515,560
113,10933,264.1,1.2259052551364622,570
114,11014,264.2,0.2154279120272511,563
115,11087,264.5,0.8936041213438667,579
116,11136,264.0,-0.16653151292936863,570
117,11201,263.0,1.554637361688905,573
118,11236,265.2,0.8918889366591015,568
119,11278,258.8,-0.16816865669541736,561
120,11338,260.8,-0.019689535155501092,563
121,11392,255.4,-0.4837901335552047,551
122,11436,253.9,-0.6995900252365884,553
123,11469,253.8,-0.451838580533685,558
124,11580,250.7,1.037593160269686,574
125,11635,249.7,-0.9329785403716072,561
126,11676,251.1,-0.3209406414674111,564
127,11727,250.7,-0.5366677789859026,577
128,11819,245.3,-0.2722916027146379,565
129,11896,245.3,0.9026149051633624,570
130,11958,246.6,-0.9189547757907651,566
131,12050,243.2,0.04079793924774211,580
132,12122,240.3,0.23901350126214205,581
133,12371,237.5,-1.152068442612558,563
134,12496,237.6,-0.8379932209836668,568
135,12642,234.2,0.7342566553553981,591
136,12760,238.3,-1.2362748534497294,571
137,12942,237.3,0.4187591094037216,578
138,13090,237.9,0.35206933361264026,570
139,13241,237.6,-0.807252563687504,581
140,13440,236.4,-0.5594165790592028,584
141,13542,239.2,-0.11291681051656488,586
142,13653,238.6,0.10182023619176894,575
143,13804,238.6,0.5483575350461891,570
144,13948,239.1,-1.4055721004605535,584
145,14303,228.5,0.24946344997289038,564
146,14550,228.4,-1.0422948656368023,602
147,14725,226.1,-0.9930990562733623,592
148,14890,225.2,0.347354766830696,597
149,15012,224.5,-1.060453282560744,581
150,15233,222.0,1.7863083409629703,597
151,15438,221.0,-0.002276147890234337,590
152,15570,220.9,0.013606097484431534,590
153,15742,219.4,-0.38438088353424116,577
154,15886,214.0,0.1778088928786017,583
155,16073,207.5,-0.30276212916755785,592
156,16260,207.7,-0.7336693221044371,577
157,16452,202.9,-1.0818003883682827,580
158,16659,200.8,-0.022802362032501855,581
159,16870,195.2,-0.9172663431257636,587
160,17111,193.9,1.6150396981709232,588
161,17375,191.0,-0.7032254255430715,617
162,17565,188.5,-0.7369558065482512,602
163,17809,188.5,0.43779310064067317,602
164,17943,189.2,-0.6388775159706638,599
165,18285,187.0,-0.34152287043808116,601
166,18541,188.6,-1.0209016979762828,595
167,18828,189.4,-0.47525569490214836,607
168,18868,192.3,-0.45938171033699937,604
169,18921,188.3,0.20213462728708143,636
170,19347,188.7,0.8636623605002205,603
171,19509,188.8,0.3001639834044487,608
172,19748,190.0,-0.3459602485517256,605
173,19988,188.0,0.16676829626709655,633
174,20168,188.2,-2.051964198261964,607
175,20197,195.0,-1.4068490676861591,614
176,20502,187.8,-0.6293051182510986,631
177,20748,186.9,-0.8284291240712595,610
178,21011,186.5,-0.9447372689853814,612
179,21257,184.7,-1.9715250320901787,607
180,21507,186.1,-0.7800562268786383,623
181,21854,185.7,-0.0024453547344331916,618
182,22015,184.4,-0.6485706328044097,618
183,22827,189.2,-0.6327806909765815,602
184,25994,191.6,0.16104925772943413,623
185,29063,188.5,-0.4521901374045224,612
186,30020,191.7,0.9210840717165651,602
187,35009,205.3,-0.10597086305808967,617
188,37471,209.1,0.5056943530464653,625
189,43500,209.1,-0.7698496671877072,610
190,47336,189.3,0.3714779259719372,617
191,48854,188.4,0.8506810700539238,617
192,49690,210.1,0.0883454563286662,623
193,50663,215.7,-0.19393035992616092,620
194,52382,190.4,-0.5589703895658727,619
195,57088,221.7,-0.19565519959519817,623
196,57657,210.4,-0.8752136053758696,620
197,62859,195.3,1.2925014341442702,623
198,64939,191.4,0.8943885763542054,618
199,65939,194.9,0.8106600831596434,620
200,71049,227.3,0.9088431632789253,611
201,73227,229.1,0.013802312889170887,612
202,77150,217.1,1.3204064935084814,614
203,78183,221.7,1.1206392245609005,620
204,80614,230.9,1.119529672878624,598
205,82417,241.1,0.04255551285059889,600
206,83333,236.4,-0.636989233658887,612
207,84016,228.0,-1.0020203883540812,589
208,85020,214.2,0.5697058687645932,613
209,86181,217.0,0.2874186282103607,624
210,87917,208.0,-0.3424890817804084,660
211,90357,224.2,-0.9060931098909192,632
212,91249,228.3,-0.012994312383645124,606
213,94353,232.0,-0.5103738461964425,626
214,99849,225.8,0.10132882900258311,633
215,100837,230.8,0.1502193810971939,624
216,101749,236.9,-0.032764774387082474,651
217,103465,228.1,0.6283995413811758,640
218,104704,236.9,0.9502084890947449,642
219,105636,230.6,1.2720180687559006,641
220,107579,238.2,-1.4602428340302414,660
221,108153,245.6,-0.914939565152418,647
222,109804,251.2,-1.2962986751766894,649
223,111862,256.7,0.6232106875334973,665
224,113262,266.3,-0.8175598094176754,648
225,114096,261.4,-1.7617298648187556,660
226,114601,274.5,0.47224876820183365,654
227,115118,273.2,-0.7369999893866354,654
228,116501,262.5,-1.0523812975347004,662
229,117750,267.6,0.7013599534829927,657
230,118649,273.7,-0.7065104191153441,671
231,119672,271.9,-1.4356959175075148,659
232,120382,265.2,-0.012973358869383445,675
233,121017,277.6,-0.2786515701508744,676
234,122344,272.1,-0.444999673179843,658
235,123070,276.4,-0.1809569694633305,674
236,124213,268.7,-0.016225396874108178,657
237,124257,266.6,0.46274645836134953,648
238,124789,266.3,-1.044617433695977,671
239,125081,279.7,1.3544725910288313,664
240,125262,273.0,0.14510363582151697,671
241,125434,277.1,-0.2862898750694528,665
242,126347,273.7,0.15952792653709225,664
243,126598,267.1,-0.6692471302414579,665
244,126886,262.5,0.9186497285301811,666
245,127132,262.6,0.7685788235431618,663
246,127622,275.3,0.17159145160336786,675
247,127907,275.6,0.6173611464335493,671
248,128344,274.0,1.0298945875431704,674
249,128372,287.1,-1.023864313112381,676
250,128609,286.8,1.3584439409090758,675
251,128866,282.6,1.2578932961127385,682
252,129146,264.1,-1.5737953417750723,685
253,129340,263.4,1.073528919575063,689
254,129652,257.9,0.07936474237628521,683
255,129736,259.0,0.26040014087060703,693
256,131329,245.0,-0.7006920018659358,676
257,131455,240.4,-0.9169395660753991,674
258,131728,228.9,0.7206563530475457,670
259,132492,223.5,-0.12457585879552491,682
260,133069,223.9,-0.5228943435512837,675
261,133105,220.3,-0.19294144416609338,685
262,133427,210.6,-0.40920824622813357,678
263,134123,208.9,0.40069231888235257,717
264,134287,203.7,-0.5605194427155836,698
265,134960,204.5,-0.5948187749700263,694
266,135114,200.4,0.777802696640559,678
267,135207,198.0,0.8096385781588917,682
268,135603,198.0,-1.1613070118718558,688
269,135883,201.7,0.8898259824650951,672
270,136011,200.7,0.8223356826800209,661
271,136251,202.4,-0.5858313455686771,669
272,136567,195.8,-0.4215870516067989,652
273,136655,201.1,0.05711454729919763,671
274,137293,194.3,0.5026369594688487,666
275,137633,193.4,-1.5676782050003792,685
276,137982,194.2,0.665406642546778,681
277,138185,190.2,1.3095683337573867,694
278,139275,192.3,-0.19793089697419586,673
279,139617,196.5,1.3566330805720397,679
280,140899,195.6,-0.48185074429618957,703
281,140960,196.4,-1.0293774106267155,650
282,142058,190.4,-0.004595310125883212,633
283,145363,196.9,0.29193312763084966,653
284,148831,203.0,0.04229903133321955,654
285,149803,191.9,-0.32318683533181025,665
286,149921,188.9,-0.9038358169967383,643
287,151423,200.6,0.3526429174950422,559
288,154480,189.0,1.3277262150639717,469
289,155395,185.5,-0.3949378088033989,488
290,155813,187.5,0.7787797324531673,468
291,159562,204.3,-0.6956333543365562,477
292,159943,196.5,-0.39924932483341424,462
293,161679,191.6,-0.7979951933965718,483
294,162228,190.1,0.01148983657308611,462
295,163024,186.7,0.15899338090562998,480
296,163698,183.8,0.27341301859679334,467
297,164439,196.6,-0.5554957894095572,479
298,167183,197.8,-0.010745525886813545,542
299,169492,197.7,-0.16111122528996724,651
300,171351,196.0,-0.37767808690489535,627
301,172434,190.3,0.9448708124262322,643
302,173135,189.4,-0.761212395097045,610
303,173394,190.1,-1.2095071124814472,646
304,175306,207.7,-0.2841458687694337,661
305,177139,213.2,-0.36826893681092765,662
306,178179,217.7,-1.1640142554779063,670
307,179117,198.1,-0.32135365950884454,653
308,180068,199.7,0.6702426314253915,646
309,182046,203.4,0.2549686850428404,628
310,184685,210.7,-0.16038870538100192,625
311,186697,231.3,-0.02961802597768759,619
312,188436,231.4,0.36594664947847266,613
313,189076,220.3,0.9766298190033951,619
314,190352,218.0,-0.4978404231847632,623
315,192910,226.5,-0.6648682329932089,630
316,193481,220.0,-0.31889368954641106,612
317,195017,226.4,-0.2873394369368313,578
318,195673,241.2,0.35652416337016923,597
319,196179,242.6,-0.9523985470440278,569
320,198972,250.9,-0.24243728336618975,465
321,199918,239.1,-0.12819011645595035,476
322,201163,247.6,0.2509338573847336,461
323,202413,244.4,0.5638698424837192,470
324,202874,231.9,0.5789452918684579,469
325,203317,232.2,0.2630561331140908,459
326,203837,228.6,-0.4665513974487675,470
327,204480,226.3,-0.1702776933025315,476
328,204908,229.4,-1.3799202389755356,463
329,205362,231.4,-0.25629263064332075,451
330,205952,238.1,0.6852585928655464,452
331,206144,237.2,-0.21000172676651496,441
332,206810,230.0,0.6819345403247853,456
333,207120,240.5,-0.26293541717555546,441
334,207544,242.2,0.03335064091731221,438
335,208064,244.6,0.5449836701746704,473
336,208254,243.9,-2.1370586786090566,419
337,208803,247.2,-1.0794685369737578,424
338,208995,252.0,-1.2795034045833615,427
339,209432,246.9,-0.05633619571607151,405
340,209817,239.5,-1.2985909485928042,409
341,210154,257.4,-2.193366573073071,404
342,210813,243.4,-0.821246446677598,408
343,211858,251.2,0.004818188712197968,381
344,212716,241.4,1.2276838344719794,395
345,213270,240.3,-0.2631906508893499,389
346,213536,242.6,0.0991713530082109,371
347,213984,247.5,-0.7464460200017867,375
348,214459,251.7,-0.10286335343938147,366
349,214794,251.1,-0.2369080419024906,384
350,215382,245.3,-0.9665945446905838,366
351,216352,240.5,0.5706154015306908,377
352,218361,214.1,-0.7712515654138316,371
353,219116,216.1,1.3781957625599985,375
354,220058,207.1,-0.7249702769406255,371
355,220739,208.8,0.9112864061363851,378
356,222030,205.6,1.0087089256436972,371
357,224269,203.3,-0.9787259286393107,373
358,224923,215.7,0.2934692179481725,379
359,225909,235.5,0.5730513616829622,366
360,226711,234.5,0.3232454615706748,358
361,227027,233.1,-0.5387631177596511,377
362,227776,224.5,-0.8880091642349582,356
363,229423,232.4,-0.7078225586336199,351
364,230422,233.9,-1.5368805474242482,374
365,231066,241.6,-0.4962392773050751,375
366,234817,245.2,0.44515283839271924,384
367,235480,252.1,-0.019749352722816194,367
368,236114,241.4,-0.401913097131528,378
369,236734,247.4,-0.8007183528570953,365
370,237294,243.1,0.05791843481886061,354
371,237868,239.1,0.4863974347118515,357
372,238558,245.6,-1.5172440541353023,357
373,239013,245.8,0.7973845000044026,355
374,239477,247.4,-0.9250469769458732,407
375,239973,252.8,-0.5132188009458097,385
376,240945,259.7,-0.7135735712663186,390
377,241366,263.2,0.029092749259581052,390
378,242007,279.0,-0.6841789396906935,390
379,242346,280.2,-1.2319131883510286,386
380,243071,263.7,0.2718678494818624,398
381,243429,252.3,-0.19312172908934844,375
382,243856,249.9,-1.303283393100192,360
383,244347,236.7,-1.5531167125221277,373
384,244864,230.4,-0.3801104266754717,389
385,245441,219.4,-1.374389372811586,372
386,247681,214.7,-0.7639318841477548,370
387,250133,200.2,-0.46782768253177076,365
388,251005,213.9,0.7877845056492145,355
389,251864,195.4,-0.14041653999160741,364
390,252739,196.7,-1.7800316201171889,396
391,253636,195.4,-1.3353322037265363,387
392,255498,199.0,0.8133233599028091,386
393,256309,201.9,-0.4788327740833528,396
394,257100,204.0,-1.274619039538715,406
395,258661,203.9,-0.7139148077337968,426
396,260353,209.6,-2.2708081565499043,382
397,260916,205.7,-0.22136335009925634,399
398,262092,208.9,-1.4971971492824316,402
399,262930,214.6,-1.9955351050654717,414
400,264509,228.1,0.5996635260876861,444
401,265653,199.9,0.23378957047671067,388
402,266326,211.7,-0.2808962877744866,368
403,267442,188.7,-1.4737602048679075,391
404,268181,187.2,-1.3101896108842426,399
405,269154,194.2,-1.1964044181705775,392
406,270222,198.8,-1.0661664205748518,410
407,271256,184.7,-0.5887573252510597,408
408,272311,190.4,0.7487304700889934,392
409,273310,193.9,-0.24602003109016912,404
410,274321,194.1,0.99243103006118,412
411,275350,198.4,-0.7300202810327615,427
412,276326,193.2,-0.7983158771584397,422
413,277361,202.2,-1.2305162608156222,441
414,278350,204.5,-0.4883378554129768,457
415,279320,211.0,-0.2920031134281812,471
416,280269,215.3,-1.4354583710855895,431
417,281758,223.7,-0.9413514298093298,452
418,283785,231.3,-0.6623061083852165,409
419,285380,228.0,-1.111042435195778,410
420,286128,226.4,-1.1628123637021486,405
421,287036,231.4,-0.3875212514729903,404
422,287538,230.4,-1.911138382180678,415
423,288233,231.0,-3.004744396904986,432
424,290153,234.9,-1.319843476311334,424
425,290730,220.4,-0.925072959498432,428
426,291367,217.1,-1.820422857763409,440
427,292405,207.6,-1.558024726495086,443
428,293057,206.0,-1.4279956863855054,444
429,293779,206.7,-0.4049032681709893,461
430,294568,212.7,0.8827500383813165,479
431,295930,213.1,-0.8065257672431968,426
432,297921,217.1,-2.0989118307965287,415
433,298741,224.4,-1.0431105538479812,419
434,299621,231.0,-1.8395889198072801,420
435,300472,236.1,-1.6932497951591543,430
436,301402,239.0,-0.24050100431896693,430
437,302280,236.0,-1.5328447324756276,428
438,303226,240.2,-1.766781165053657,447
439,304232,240.7,-0.926026518259009,457
440,304901,250.2,0.0302350659824695,489
441,305655,248.6,-0.931671107494468,519
442,306547,244.8,0.702730924691168,520
443,307495,225.8,-0.7054939184670485,513
444,308744,227.8,0.8296722994244622,514
445,309389,226.2,-1.1407030253834978,498
446,310168,233.2,-1.7056525116638945,492
447,311013,237.8,-0.8157262517138165,427
448,311868,239.0,-0.45500571165598636,421
449,312676,241.9,0.4348636936713693,444
450,313414,251.6,-1.8829085800035745,426
451,314144,256.7,-1.141809564709579,425
452,314867,257.1,0.789708276584353,441
453,315572,246.8,0.4726429591118075,440
454,316200,272.6,-2.0266363298987646,441
455,316897,251.6,-1.0374431194199114,471
456,317734,245.2,-1.4702562282110754,469
457,318559,233.4,-1.4897874877760042,494
458,319480,255.8,-0.33550586295034945,524
459,320358,249.2,0.25665515958918195,534
460,322015,257.2,-0.5563879484817259,534
461,322767,260.4,-1.0553023294196766,587
462,323526,260.3,-1.2401674085043384,536
463,324280,260.5,-1.4083777705472196,548
464,324971,266.2,-1.2458728089688695,572
465,325720,264.0,-2.1909616082773127,563
466,326321,266.1,-0.8713422085421573,580
467,326972,270.1,-3.0892876999933763,560
468,327590,271.9,-1.1250956504787846,557
469,328221,275.1,-0.6485876686650417,544
470,329475,265.0,-1.3951808646661403,547
471,330208,271.7,-2.0425973924661753,539
472,330740,272.6,-2.5411651412279546,540
473,331438,273.1,-2.2463810211213033,481
474,331944,282.4,-1.3069846223538217,526
475,332285,289.1,-1.706394757650652,443
476,332462,288.4,-0.7671982410647512,440
477,332919,298.6,-1.3485376746627047,455
478,333380,278.1,-1.4340087187917607,441
479,333890,285.8,-1.2550263147952925,450
480,334261,278.6,-1.2413188790315286,444
481,334748,270.5,-2.401110691194126,427
482,335287,255.7,-1.6933992724109794,419
483,335918,241.9,-1.8947057900270567,419
484,336725,239.6,-1.4019805535177925,411
485,337391,234.2,-0.7442521699438779,424
486,339298,250.1,-0.6979698638949897,422
487,340456,200.7,-0.849969294864935,414
488,341802,205.2,-2.786742792697263,442
489,343282,204.8,-0.7410836094063328,448
490,344446,211.9,0.37910234785364116,440
491,345980,220.3,-0.8140606802411486,450
492,348298,221.1,-1.5445682607196205,429
493,349688,216.2,0.021706934859718974,420
494,350925,209.4,-1.2211382020663129,413
495,352275,209.2,-1.1256292590952288,419
496,355302,193.0,-0.6998633820400294,426
497,356898,186.1,-1.5959395531655143,447
498,358712,185.8,-1.5502398278001932,422
499,360957,201.2,-0.8436721585762904,433
500,363385,206.3,-1.2936203776399537,420
501,366235,201.9,-0.43835457086891216,434
502,367856,199.9,-1.9951238552481279,433
503,369446,214.7,-1.6191604982664307,442
504,371090,224.6,-0.9294213958466003,457
505,372646,229.6,-0.1899945208780237,465
506,376568,227.0,-0.9041901462464738,462
507,378096,240.0,-0.858532600919231,465
508,379696,239.1,-0.8626072433674347,465
509,381132,246.8,-1.1309283411893052,467
510,382670,245.8,0.05435268499184509,458
511,384534,258.1,-0.0984514172300136,414
512,385398,264.6,-1.4900560482165854,429
513,386144,259.2,-0.6683991110757964,416
514,388062,255.2,-0.9368465226739887,415
515,389946,250.1,-0.5942390644006464,456
516,391896,266.3,-1.0939308649125312,446
517,392544,259.5,-0.4869355425053722,471
518,393579,273.6,-0.4911243714445287,470
519,394560,260.7,-2.5598967831062103,486
520,398086,276.3,-1.903925279189865,482
521,399722,277.1,-0.05919437212607692,463
522,400504,283.2,-1.4180582619023911,437
523,402000,283.1,0.1129629770867514,415
524,402731,275.7,0.537855652785508,411
525,404181,276.5,-0.5067056928867898,431
526,404927,280.5,-0.9901290004231352,427
527,406368,279.6,-1.5727080903677688,469
528,407093,285.6,-0.04202466856799947,462
529,408600,284.5,-0.2779066012065835,490
530,409383,275.2,-0.4476279899819825,467
531,409383,274.2,-0.5680097524216373,487
532,410206,282.6,-0.14361689745585104,499
533,411071,283.5,-0.3299638016757066,497
534,412962,274.9,0.24303953343969653,514
535,413948,264.9,0.3621197852003182,499
536,414963,271.6,0.48131650420877836,493
537,415717,276.4,-0.48061819890772284,440
538,416193,271.7,-2.020532533918906,432
539,417191,273.4,-0.32553719966578265,441
540,417698,271.8,-1.1064118678328225,425
541,418245,274.6,0.04397507412906043,437
542,419260,273.7,-0.7524112325015989,453
543,419808,271.2,0.7949673427382067,414
544,420350,273.8,-0.10019739939675121,435
545,421484,268.6,-1.1604169498922015,461
546,422074,266.4,-0.0753609755506931,464
547,422649,270.6,-0.3764264051374776,434
548,423764,267.7,1.10504450480245,452
549,424332,268.3,-0.037345178993243744,492
550,424840,270.8,0.008378432497217925,470
551,425242,270.0,0.4499494992496587,489
552,425569,265.4,-0.06553734017636315,493
553,425975,255.3,1.333262968377363,510
554,426598,252.1,0.6199071592121488,515
555,427285,248.2,-2.4037031776221784,544
556,427566,242.5,-0.13042827309616578,517
557,429006,219.7,-0.20025949501951856,531
558,429876,227.2,-1.5734638473017855,527
559,431063,211.5,0.6833317040810474,567
560,431445,207.6,-0.6072926994152302,543
561,432599,209.8,0.14791776516516886,529
562,433674,207.5,-0.6478324642296026,530
563,434804,200.3,-0.9652396236213633,535
564,435989,201.7,0.35073835673564135,513
565,437152,201.3,-0.36256936194370837,438
566,438356,202.0,-0.7459460734626221,438
567,439565,199.1,0.25647229678336836,437
568,441220,201.1,0.3185572043309107,462
569,442411,203.5,-0.19670975039497518,476
570,443562,208.1,0.2942761498343279,514
571,444650,201.7,-1.1780474322880439,461
572,445829,201.2,0.022054655608170326,466
573,446984,204.9,1.3872988042268508,534
574,448103,201.9,0.4266487362919947,483
575,449244,198.4,-0.022653086420575508,546
576,450455,193.3,-0.47193392744062457,550
577,451593,192.5,0.3818786102628413,543
578,452283,199.1,-0.19941047932081457,554
579,452795,204.3,-1.0776036288537179,542
580,453514,203.3,-1.3785524387307166,515
581,454023,208.3,0.6131105005835763,520
582,455279,202.4,-0.06728233271971662,561
583,456591,195.5,-0.1537663122036631,554
584,458049,190.7,0.1226464184360817,502
585,459430,194.4,-1.7615067516415266,523
586,460792,199.9,0.26320095483627337,454
587,461687,205.2,-1.274540500676446,442
588,462133,210.0,-0.47048485121620354,435
589,463456,208.1,-0.705508709017208,425
590,464866,204.4,-1.5344719916237537,443
591,466265,203.4,0.3080671253588325,426
592,467602,205.5,0.5346748669533955,430
593,468323,206.5,1.15728453536038,425
594,468810,215.5,0.4111867132848749,412
595,469470,218.7,-0.02170119621228117,437
596,469941,229.2,2.117753192205785,432
597,470597,232.7,-1.2338630094358107,431
598,471046,243.7,-0.11716934550697544,439
599,471763,243.9,-0.5504967604609029,430
600,472095,245.6,-0.8848243194295532,444
601,473102,241.2,-0.641877862720054,444
602,474162,233.1,-0.5142349477026052,468
603,475218,232.8,-0.27109796076391646,484
604,476240,236.6,0.8623899472501796,489
605,477162,239.1,-0.7739180717727762,434
606,477719,236.5,-0.8439120962440255,440
607,478124,231.3,-1.012938323239764,462
608,478721,220.8,-1.0832326068153773,461
609,479144,218.8,-0.9557179775711372,457
610,480108,223.8,-0.3501701644016889,476
611,481035,223.4,-0.2227062020642928,444
612,481932,227.3,0.25105249933966,461
613,482803,231.4,-0.5114866836657631,449
614,483649,231.4,-1.35636688287561,459
615,484465,231.2,-0.8001557808160714,453
616,485276,233.0,-0.32637852912031906,471
617,486043,232.9,0.2794030837167637,480
618,486816,231.3,-0.9609061280637915,451
619,487541,237.1,-1.8056560852303787,456
620,488268,242.0,-0.6561820281408294,474
621,488689,240.9,-0.11659050431883544,460
622,488996,252.8,-0.2689607102067927,462
623,489475,249.3,0.3039102535982139,450
624,489722,242.6,-0.07920826695860128,490
625,490445,243.3,-1.4512454325675899,473
626,491191,246.7,-1.142241500251985,470
627,491959,243.7,-0.4707632995708052,475
628,492738,239.7,-1.4143855141192891,482
629,493507,239.1,-1.6164970648404196,449
630,494311,238.3,-0.9287547904535537,431
631,495085,238.5,0.36891840811858445,432
632,495853,237.6,0.5297077240047237,432
633,496608,236.4,0.1796846621912067,457
634,497366,236.5,-0.28580536900366027,453
635,498104,232.8,-2.152052449495275,448
636,498865,230.6,-0.6073319799048916,452
637,499610,230.8,-0.31504762986025214,451
638,500363,228.2,-0.945427990631268,461
639,501130,230.8,1.291461166246838,469
640,501866,231.2,1.1061476455602874,467
641,502625,232.0,-1.7650436663649436,477
642,503375,232.2,-0.7807880639123209,461
643,504083,234.1,-1.592548682316402,416
644,504777,233.9,-0.773147466287308,415
645,505516,235.5,-0.36565846219226594,424
646,506287,236.0,0.4210052635881258,438
647,507011,238.2,0.13683936944915298,422
648,507714,237.0,0.7918226497424853,466
649,508476,240.3,0.27701824548460885,442
650,509247,233.4,-0.7320354429277772,442
651,510008,236.4,-1.3294616931448773,472
652,510765,235.2,-0.9221230698854906,475
653,511515,242.0,-1.1573257061798343,450
654,512269,238.2,-1.145243447495198,463
655,512997,239.2,-0.1941293101685796,477
656,513724,241.5,-1.0548535531392842,487
657,514429,243.0,0.01178751901582209,497
658,515113,247.2,-1.0630498309115133,512
659,515771,246.2,0.06930749077425746,515
660,516417,245.5,-1.285667200874903,515
661,517069,245.3,-0.49944872308978916,536
662,517706,247.7,-0.8827332954133883,563
663,518334,245.5,0.06831743743078966,535
664,518965,243.5,-1.3028312121025216,550
665,520892,241.9,-2.4763981619509656,549
666,521552,236.8,-1.8549580367538403,548
667,522216,235.8,-2.08999540089,584
668,522923,233.7,-1.8635461244891363,576
669,523666,230.3,-2.1147080104297564,595
670,524409,227.8,-1.8388062773839926,571
671,525164,224.7,-2.7816133004396675,606
672,525908,222.7,-2.6375874578020144,617
673,526661,221.2,-1.686597121804883,616
674,527454,220.3,-1.986969604088718,622
675,528262,220.7,-1.9579215564815016,629
676,528747,214.5,-3.015674851217092,631
677,529101,211.4,-2.5748803336061936,560
678,529640,204.4,-2.9081300642620773,515
679,530016,200.0,-4.443468622827318,485
680,530685,195.1,-3.0313104362501213,465
681,531035,193.8,-2.9692294332173423,464
682,531662,190.5,-3.8126594221975756,445
683,532119,199.8,-2.630855294575828,450
684,533246,199.4,-2.124359899218688,443
685,534364,205.0,-3.6100304776892074,452
686,535483,206.4,-2.2309712308736205,454
687,536622,212.9,-4.227092028112418,429
688,537770,211.2,-4.395350128682227,425
689,538959,205.0,-3.493620903838898,468
690,540154,203.6,-4.913236508738501,429
691,541345,208.1,-3.1720233484394393,448
692,542502,210.3,-2.764318133781194,446
693,543676,209.6,-4.101478424334596,480
694,544804,209.7,-4.138148478545328,507
695,545956,204.6,-3.8618334701167862,502
696,547013,202.5,-5.495034114849925,508
697,547573,208.8,-4.906183658331452,501
698,547972,213.6,-5.173208143891354,494
699,548933,215.2,-4.65010666757311,494
700,549830,219.9,-5.147350048219266,476
701,550637,221.7,-3.883485611741598,463
702,551124,222.3,-4.347933763518337,445
703,551452,226.3,-4.186912020757677,447
704,551979,222.1,-5.276752514602661,461
705,552250,220.3,-5.52720289864342,437
706,552961,223.6,-4.098969037999498,432
707,553626,224.3,-4.744295620266735,448
708,554254,226.7,-3.5630639897467757,447
709,554831,233.9,-4.406033183345884,437
710,555345,241.0,-4.821132728336133,437
711,555637,243.0,-5.0388011428553146,442
712,555839,249.1,-4.581817932019367,439
713,556143,244.0,-3.8450136451557357,436
714,556364,250.5,-4.046107594432954,442
715,556724,245.6,-4.609161410033135,434
716,556889,240.4,-5.172264234064303,454
717,557385,238.1,-4.698881738113643,436
718,557887,234.5,-4.274816338647514,453
719,558183,229.7,-3.472253644086975,442
720,558393,230.2,-3.9364124089850376,435
721,558929,230.3,-4.598009149335856,453
722,559461,228.3,-3.5980763597507845,464
723,559972,231.6,-3.568765097541375,486
724,560459,231.9,-4.115239272746085,479
725,560930,234.6,-4.2832431932191835,495
726,561309,234.1,-5.306628040116635,501
727,561846,240.1,-5.063474971956028,491
728,562272,242.3,-4.491279044606132,487
729,562690,245.7,-4.922513971710539,505
730,563115,245.8,-3.9719342476377184,506
731,563517,247.6,-2.7580995117308196,511
732,563918,251.4,-4.455861561064387,512
733,564311,252.4,-3.883765501252575,524
734,564699,252.6,-4.825051004826188,526
735,565077,251.4,-4.976744604377175,526
736,565466,253.7,-5.062473194767063,525
737,565851,254.3,-5.033070092163436,530
738,566233,253.9,-4.181226653900454,530
739,566619,254.5,-4.776800702311971,547
740,567007,253.2,-4.4348808664015165,537
741,567381,253.9,-3.0568376295245843,547
742,567777,252.8,-5.066850252247689,538
743,568167,253.0,-3.1463660350845997,542
744,568556,250.2,-4.597254165383309,511
745,568946,251.3,-4.6832309445604015,491
746,569331,250.0,-4.226528386673997,509
747,569728,251.3,-3.490102972179028,472
748,570139,251.8,-2.8193770718050732,470
749,570548,251.8,-2.6421391708416744,498
750,570955,249.6,-3.2378063321335198,515
751,571367,251.6,-3.981644645062403,559
752,571775,250.3,-4.051396207380171,573
753,572190,246.3,-4.482732819091318,581
754,572619,247.7,-3.269742540388906,602
755,573037,249.2,-2.714353206211335,596
756,573462,248.7,-2.997505802136044,572
757,573902,251.8,-3.4286680849605213,618
758,574353,251.9,-4.13941352287452,601
759,574803,252.1,-1.0193825827021943,595
760,575265,248.9,-1.9274186966338944,591
761,575730,252.5,-2.1614358204976614,483
762,576222,252.9,-2.691597928369254,445
763,576723,251.3,-2.4984594417980195,460
764,577242,251.3,-2.9627712310991665,464
765,577769,251.1,-2.522593919700091,475
766,578305,249.1,-5.321239573295121,486
767,578857,252.9,-3.7798201329511896,508
768,579435,251.5,-2.7148816012470136,495
769,579821,244.1,-4.165035583664115,509
770,580019,243.8,-4.168735829973491,502
771,580400,236.2,-3.5477466448062103,505
772,580695,230.3,-4.5867332370078415,492
773,581160,225.2,-4.195634952231525,496
774,581507,219.4,-5.4154751034005955,473
775,582000,215.4,-4.942184903201219,474
776,582391,209.9,-4.222236761952791,456
777,583034,206.7,-5.030862659603531,455
778,583413,210.6,-4.442470781046417,464
779,586406,224.0,-3.624154852569559,467
780,586893,226.0,-4.038351882462421,451
781,587647,234.4,-4.288107266331694,471
782,588034,238.8,-3.6175392765332193,471
783,588716,246.3,-4.015260944633527,473
784,589224,250.2,-4.248643733019094,474
785,589868,248.1,-5.517544773325112,472
786,590335,243.6,-2.299763846573481,501
787,590893,237.4,-4.538095810682857,496
788,592279,225.7,-5.100099880313117,501
789,592697,229.4,-5.086931788233288,495
790,593415,233.2,-4.05476342344696,504
791,593870,238.1,-4.172906282627166,528
792,594639,238.0,-4.504739855939811,544
793,595189,232.9,-4.360029388263752,533
794,595950,221.2,-4.757569553224207,546
795,596515,216.4,-5.155056084864307,548
796,597443,216.3,-5.716626088384454,545
797,597966,219.0,-5.4730668814424215,579
798,598833,226.0,-5.656735115790732,565
799,599434,229.4,-5.511632332132858,578
800,600882,232.5,-5.744469155259075,579
801,602278,237.9,-5.69797506952441,591
802,603673,239.1,-4.747877673054621,567
803,605076,244.5,-5.11221316740949,571
804,606374,248.5,-5.345072834910339,566
805,607708,254.6,-6.0051038700802755,576
806,608929,259.2,-5.186406241325584,568
807,610136,257.7,-6.372304885394862,591
808,611319,259.6,-4.797915189716543,613
809,612514,258.0,-5.39228299503723,598
810,613709,256.0,-5.2471642383251735,601
811,614923,252.5,-5.611337088792902,613
812,616227,252.4,-5.318328644469557,610
813,617544,252.3,-5.616792646112996,603
814,618955,247.9,-5.816540009623026,609
815,620338,245.4,-6.180519081294655,607
816,621760,243.0,-5.394526962665535,608
817,623214,238.6,-6.662050432352429,599
818,624690,237.3,-5.908854623044355,607
819,625570,234.3,-5.96067662700412,607
820,626215,227.8,-6.455893047285611,608
821,627211,214.9,-6.90185137779918,615
822,627999,205.0,-6.756393705563448,616
823,629446,198.7,-5.937416537851619,611
824,630295,199.9,-6.104020053938568,614
825,632001,199.5,-6.073476905968931,621
826,632856,195.6,-6.223634209440413,622
827,634592,192.1,-7.408759331601849,632
828,635489,193.9,-6.441964987833417,627
829,636957,193.0,-6.11573037369656,642
830,638127,194.3,-6.7585259376192,642
831,639848,187.7,-6.793508181716436,647
832,640760,189.1,-6.746335593369228,656
833,642405,190.2,-6.863391377668363,658
834,643204,190.4,-8.146404333363899,650
835,644662,194.1,-7.047700847333822,660
836,645470,194.6,-7.443764084954416,640
837,646723,188.6,-7.1499818335942065,651
838,647588,190.5,-6.823345943526769,650
839,648946,192.1,-8.828883744430046,646
840,649598,194.8,-7.368686348917731,670
841,650891,187.8,-8.207895575985942,677
842,651556,192.0,-8.110781802349399,681
843,652802,185.8,-8.227234407052908,679
844,653448,185.3,-9.00052601753627,692
845,654473,191.3,-7.73724630753546,706
846,655202,193.2,-7.804347801765188,715
847,656286,198.4,-8.380447372998448,704
848,656882,198.7,-7.379814658972156,722
849,657923,191.3,-8.662025728885034,726
850,658474,189.2,-7.398567558571563,644
851,659524,182.4,-9.37037674958224,535
852,660084,183.9,-8.500923942196874,537
853,660981,186.6,-8.40325961112141,552
854,661650,189.8,-9.110229418869721,551
855,662669,187.8,-8.388365550640433,531
856,663206,189.0,-9.078789804299861,515
857,664192,189.1,-9.539279231352483,512
858,664690,185.8,-9.473929796529946,499
859,665645,178.2,-9.474199523219491,521
860,666174,178.5,-9.704324784607211,518
861,666995,172.7,-8.12793258449641,487
862,667569,171.6,-8.965958352280644,493
863,668447,175.6,-9.738362315683915,494
864,668934,178.5,-8.90122305001744,479
865,669751,185.5,-8.868770235404632,456
866,670176,189.3,-9.542442281669956,461
867,670916,192.6,-9.821888749456207,462
868,671286,194.6,-9.641428127672109,460
869,671926,192.5,-9.21461095290107,449
870,672386,194.8,-9.247747971693025,506
871,673095,198.7,-8.93613959949922,428
872,673475,202.3,-9.182825176951026,436
873,674173,209.2,-9.445871666729452,415
874,674521,213.7,-9.413080188272922,404
875,675589,220.0,-9.363721899733997,382
876,676170,217.4,-9.5113847872589,409
877,676524,214.0,-9.396195109635789,375
878,677068,215.6,-10.34839040046411,395
879,677380,217.4,-8.672986228380694,395
880,677984,226.5,-9.263913966423406,406
881,678291,230.0,-8.557729812422222,368
882,678914,230.8,-9.920773769060956,432
883,679252,230.3,-9.214480507938612,358
884,679732,223.0,-9.608388175915309,342
885,680081,225.0,-9.361833375867073,349
886,680608,218.4,-9.016769388487079,359
887,680920,216.2,-9.689920766697545,368
888,681531,217.3,-8.835812808656613,375
889,681849,219.7,-10.116509657001416,385
890,682446,222.6,-9.34430330752566,401
891,682762,221.3,-8.440686108607014,401
892,683262,218.7,-10.427420936651885,375
893,683612,217.5,-9.885113661240025,391
894,684142,217.5,-8.521693090172217,402
895,684419,219.4,-9.539454468017842,410
896,684949,219.5,-9.341906568871643,421
897,685217,219.7,-7.814111313139354,423
898,685716,223.5,-9.554674080161021,471
899,685980,224.4,-8.913946483134572,428
900,686425,224.3,-9.964501813929475,433
901,686726,227.3,-9.159140365836043,441
902,687227,228.7,-9.74979402121453,404
903,687470,228.8,-9.617807735666396,400
904,687949,232.3,-10.191962408489559,432
905,688195,233.0,-9.37006319231548,422
906,688652,235.8,-10.190517446289498,426
907,688881,234.9,-9.927015160804439,413
908,689304,235.8,-8.94109184191289,402
909,689603,239.9,-8.842169260767783,403
910,690057,235.6,-8.529802887185857,393
911,690294,234.8,-9.514946750867052,385
912,690771,240.0,-10.434266073158359,407
913,690999,234.0,-9.809523261109504,399
914,691432,235.6,-9.398434265003404,422
915,691672,236.6,-9.036883709964066,400
916,692057,235.5,-9.463689377674497,410
917,692338,235.9,-8.707846704118284,407
918,692765,232.9,-9.791446719146927,440
919,692990,234.8,-9.216089181402285,407
920,693433,234.1,-9.527613803402874,415
921,693639,234.1,-9.69128394920429,410
922,694068,235.4,-9.72355777829898,424
923,694300,234.4,-10.182640200584244,413
924,694672,235.8,-8.91715127342958,442
925,694941,236.9,-8.834595664094577,411
926,695383,236.7,-9.31046641730722,417
927,695618,237.6,-9.49056728387557,393
928,696062,234.6,-9.654279604602978,384
929,696287,234.8,-9.637180503536467,424
930,696717,235.4,-9.028645663953645,433
931,696963,232.9,-9.356484966688859,449
932,697331,232.4,-9.405129578502386,479
933,697660,232.2,-9.470109879186337,495
934,698120,231.0,-9.38720612780286,496
935,698386,228.0,-10.141893811457365,445
936,698880,226.4,-9.254103805532443,478
937,699102,227.7,-9.516387251824492,442
938,699633,227.6,-8.74381675446181,448
939,699909,226.0,-9.055144189160652,484
940,700389,228.7,-10.023507385167964,480
941,700744,227.6,-10.039097696069696,433
942,701242,228.2,-9.200418492540058,456
943,701606,228.8,-8.592055326844115,427
944,702158,229.3,-7.918219610537011,457
945,702381,230.3,-10.102401300448383,471
946,702988,232.4,-9.707450553143772,466
947,703384,232.8,-8.901706301350735,499
948,703934,231.2,-9.639967411686094,547
949,704211,231.2,-10.115445023010523,550
950,704973,233.9,-9.57241023541732,542
951,705410,228.5,-8.963883924288464,479
952,706141,228.6,-8.717175289888434,483
953,706409,228.1,-8.470473522430934,452
954,709680,219.7,-9.4229401703313,490
955,710237,220.2,-9.143384974327924,496
956,711104,218.9,-9.60278352037747,496
957,711421,218.7,-9.454332624405778,528
958,712833,218.5,-9.815044952481225,530
959,713843,222.3,-9.978611125122374,532
960,714288,221.7,-9.665546850916073,514
961,715180,217.7,-8.810327732245081,476
962,715750,222.1,-10.041553255444676,459
963,716704,208.1,-9.909284514687846,447
964,717065,205.0,-8.364303976991064,437
965,718064,192.9,-9.135601099164674,446
966,718779,184.3,-9.414078700925831,462
967,719794,187.8,-8.739729509674545,425
968,720337,195.2,-9.215325645785246,423
969,721318,206.3,-9.920904434961727,432
970,722039,211.3,-8.999948496137112,470
971,723133,213.4,-9.984578610639783,471
972,723464,213.2,-9.35917009099362,496
973,724445,210.3,-9.620822067621773,512
974,725059,206.3,-9.38959773810412,503
975,725937,206.6,-9.733264370555956,493
976,726322,208.1,-9.551201582913107,472
977,727192,204.5,-9.106411145598534,488
978,727732,205.5,-8.431865006671114,530
979,728568,205.1,-8.841918873499802,534
980,728921,205.4,-8.233434582545183,548
981,730299,204.0,-8.988646903538138,564
982,730949,204.1,-9.185133685827367,589
983,731329,204.9,-8.78995872411477,579
984,732141,203.8,-10.251390039173257,598
985,732548,205.9,-9.3629538413418,609
986,733261,203.9,-8.951029216931433,668
987,733543,204.4,-9.278753090412765,627
988,734223,205.3,-8.686482145061705,539
989,734604,207.4,-8.883095853455103,530
990,735167,201.7,-9.046811439873407,539
991,735459,201.3,-8.635372537625766,541
992,736079,204.1,-8.946920406672296,466
993,736460,209.7,-9.291294478476333,489
994,737034,208.1,-9.356267671072443,436
995,737266,211.3,-10.390319999019122,493
996,737889,210.6,-9.945345751444096,462
997,738272,206.5,-9.615411772417454,488
998,738844,200.3,-9.515541600541992,490
999,739137,197.8,-10.582179806873684,506
1000,739842,185.0,-9.676905207747376,487
1001,740277,178.9,-9.396476160166092,499
1002,741021,178.6,-9.050419268097519,513
1003,741307,176.6,-9.000268528759795,504
1004,742075,177.9,-9.755297572202425,515
1005,742558,182.3,-9.326939775075314,511
1006,743233,181.7,-10.065173467382284,532
1007,743589,180.4,-10.096595949191158,548
1008,744354,181.2,-7.975293051387863,565
1009,744843,182.0,-8.993283716126745,558
1010,745836,180.2,-9.896349178916024,579
1011,746643,183.1,-10.207265263664565,593
1012,747110,180.8,-10.05772022120044,577
1013,747759,180.8,-9.957439917253133,583
1014,748101,180.4,-9.88999018316982,586
1015,748913,181.4,-9.543329002756597,573
1016,749401,182.9,-9.837686068908901,574
1017,750194,184.8,-9.392548452406578,591
1018,750476,184.0,-9.834857636781116,561
1019,751301,186.2,-9.948338597489071,569
1020,751830,190.1,-9.831707411477927,506
1021,752605,188.0,-9.353634867511799,457
1022,752978,196.5,-9.352199107940631,480
1023,753984,191.5,-10.205319271909374,454
1024,754394,195.8,-10.48315353164183,443
1025,755241,200.5,-10.316937136819835,452
1026,755495,201.9,-9.54262440821196,445
1027,756357,206.0,-9.86966378416948,453
1028,756871,210.7,-9.83518729916327,460
1029,757561,215.0,-9.669264628574659,495
1030,757962,219.2,-9.536337031057297,461
1031,758259,215.3,-9.304876002091909,469
1032,758475,217.6,-10.190939742120527,489
1033,758883,217.9,-10.024952987869334,508
1034,759306,214.9,-9.530115416103724,538
1035,760202,208.8,-10.465122161837284,477
1036,760500,206.9,-8.93470320270014,484
1037,761453,206.1,-9.606902176498549,491
1038,762064,212.0,-10.196901326191197,488
1039,762871,216.0,-8.978807720221324,501
1040,763319,215.0,-9.84831657221527,495
1041,763686,225.7,-9.961625980319768,504
1042,763934,221.4,-9.17082807681631,528
1043,764249,224.1,-10.4019277944635,519
1044,764833,222.6,-9.956073654924337,543
1045,765735,216.8,-9.017057273331172,489
1046,766110,215.7,-9.935932599164794,464
1047,767096,213.5,-9.342442431769884,504
1048,767737,217.7,-9.587337384748592,476
1049,768655,222.4,-9.963792421580402,496
1050,769050,221.4,-10.191969909887444,516
1051,769514,228.1,-10.107750557338475,556
1052,769787,226.0,-9.053732014749535,532
1053,770133,231.5,-9.479350670030131,547
1054,770447,235.6,-9.724229638391526,547
1055,770724,238.2,-10.133510257218838,503
1056,770994,235.6,-9.589132124180864,504
1057,771260,237.7,-9.751636555704842,491
1058,771708,229.5,-9.700429646941071,517
1059,772076,230.9,-9.92878941369061,490
1060,773043,230.0,-9.220123903025218,471
1061,773680,233.3,-8.791198840438813,473
1062,774548,236.9,-8.280379514195113,464
1063,775051,240.5,-8.838381839260522,474
1064,776037,238.8,-6.913994676910018,506
1065,776636,243.9,-9.247886684609888,456
1066,777556,246.3,-9.03300222147951,417
1067,777900,246.1,-8.686495795267048,429
1068,778798,245.8,-10.509955163640825,431
1069,779364,243.9,-9.143667689565941,429
1070,780268,248.5,-7.859982966976385,433
1071,780612,242.8,-7.710890548202715,440
1072,781535,248.7,-8.614398188161376,434
1073,782059,246.2,-8.942374808381782,419
1074,783263,252.1,-9.401501945319502,429
1075,784147,246.9,-8.380589990430174,457
1076,784692,250.7,-8.806718806269252,430
1077,785413,253.3,-9.874190828822192,426
1078,785789,255.4,-10.217752746737695,433
1079,786587,260.3,-9.146864990456981,453
1080,787076,256.9,-9.424614075605133,519
1081,787805,248.1,-9.932645320177095,462
1082,788033,247.9,-9.421001149869904,478
1083,788887,229.5,-8.712063340595103,499
1084,789381,226.3,-8.891586735453656,508
1085,790153,218.2,-8.199553302466013,481
1086,790538,221.3,-7.836603556666545,512
1087,791491,215.4,-8.690697245098795,518
1088,792081,205.1,-8.607380258644033,529
1089,792943,204.0,-8.589749125958408,554
1090,793260,209.0,-8.868026620755046,543
1091,794608,199.4,-9.458640975568429,545
1092,795202,195.2,-9.144624785584448,548
1093,796467,189.3,-8.912734185963888,539
1094,797099,188.4,-9.272963940382011,565
1095,798512,191.0,-8.350511826113122,557
